# Wavelength	Spectral Flux Density
# (nm)		(W/m^2/nm)
280.000000	0.082
280.500000	0.099
281.000000	0.15
281.500000	0.212
282.000000	0.267
282.500000	0.303
283.000000	0.325
283.500000	0.323
284.000000	0.299
284.500000	0.25024
285.000000	0.17589
285.500000	0.155
286.000000	0.242
286.500000	0.333
287.000000	0.362
287.500000	0.339
288.000000	0.311
288.500000	0.325
289.000000	0.392
289.500000	0.479
290.000000	0.563
290.500000	0.606
291.000000	0.618
291.500000	0.598
292.000000	0.567
292.500000	0.529
293.000000	0.538
293.500000	0.549
294.000000	0.533
294.500000	0.52
295.000000	0.527
295.500000	0.559
296.000000	0.573
296.500000	0.521
297.000000	0.478
297.500000	0.529
298.000000	0.528
298.500000	0.468
299.000000	0.472
299.500000	0.501
300.000000	0.45794
300.500000	0.433
301.000000	0.463
301.500000	0.47756
302.000000	0.449
302.500000	0.508
303.000000	0.612
303.500000	0.646
304.000000	0.621
304.500000	0.626
305.000000	0.642
305.500000	0.611
306.000000	0.565
306.500000	0.575
307.000000	0.605
307.500000	0.631
308.000000	0.645
308.500000	0.6405
309.000000	0.58
309.500000	0.5
310.000000	0.533
310.500000	0.652
311.000000	0.762
311.500000	0.744
312.000000	0.70615
312.500000	0.676
313.000000	0.694
313.500000	0.724
314.000000	0.717
314.500000	0.676
315.000000	0.6845
315.500000	0.632
316.000000	0.587
316.500000	0.649
317.000000	0.739
317.500000	0.80189
318.000000	0.72361
318.500000	0.68
319.000000	0.7058
319.500000	0.73318
320.000000	0.775
320.500000	0.826
321.000000	0.76546
321.500000	0.719
322.000000	0.73513
322.500000	0.71152
323.000000	0.649
323.500000	0.68138
324.000000	0.7405
324.500000	0.788
325.000000	0.82918
325.500000	0.91377
326.000000	0.99835
326.500000	1.0166
327.000000	1.0047
327.500000	0.98679
328.000000	0.95681
328.500000	0.934
329.000000	1.0046
329.500000	1.0958
330.000000	1.1098
330.500000	1.0429
331.000000	0.991
331.500000	0.99396
332.000000	0.99277
332.500000	0.98003
333.000000	0.96394
333.500000	0.937
334.000000	0.95557
334.500000	0.98862
335.000000	1.0097
335.500000	0.97453
336.000000	0.88979
336.500000	0.829
337.000000	0.818
337.500000	0.87732
338.000000	0.92529
338.500000	0.95783
339.000000	0.96863
339.500000	0.989
340.000000	1.0544
340.500000	1.0463
341.000000	0.971
341.500000	0.959
342.000000	0.9957
342.500000	1.0277
343.000000	1.0417
343.500000	0.98301
344.000000	0.85416
344.500000	0.813
345.000000	0.91583
345.500000	0.97021
346.000000	0.94269
346.500000	0.95594
347.000000	0.96954
347.500000	0.93318
348.000000	0.92472
348.500000	0.93721
349.000000	0.899
349.500000	0.91969
350.000000	1.0122
350.500000	1.0849
351.000000	1.0534
351.500000	1.0129
352.000000	0.98383
352.500000	0.926
353.000000	0.98012
353.500000	1.0752
354.000000	1.1346
354.500000	1.144
355.000000	1.1406
355.500000	1.0964
356.000000	1.025
356.500000	0.95914
357.000000	0.842
357.500000	0.85015
358.000000	0.78916
358.500000	0.731
359.000000	0.85805
359.500000	1.0321
360.000000	1.089
360.500000	1.0265
361.000000	0.9415
361.500000	0.918
362.000000	0.958
362.500000	1.045
363.000000	1.071
363.500000	1.038
364.000000	1.0716
364.500000	1.059
365.000000	1.097
365.500000	1.2041
366.000000	1.286
366.500000	1.2843
367.000000	1.2577
367.500000	1.2317
368.000000	1.157
368.500000	1.1459
369.000000	1.1944
369.500000	1.2795
370.000000	1.2934
370.500000	1.166
371.000000	1.1811
371.500000	1.2249
372.000000	1.1444
372.500000	1.0876
373.000000	1.0445
373.500000	0.939
374.000000	0.93442
374.500000	0.925
375.000000	0.985
375.500000	1.0874
376.000000	1.124
376.500000	1.104
377.000000	1.1813
377.500000	1.3149
378.000000	1.4144
378.500000	1.3765
379.000000	1.226
379.500000	1.098
380.000000	1.152
380.500000	1.231
381.000000	1.249
381.500000	1.1224
382.000000	0.95426
382.500000	0.82313
383.000000	0.73603
383.500000	0.71095
384.000000	0.821
384.500000	0.9862
385.000000	1.0802
385.500000	1.0296
386.000000	0.99113
386.500000	1.0279
387.000000	1.0354
387.500000	1.0186
388.000000	1.0067
388.500000	0.99743
389.000000	1.081
389.500000	1.1958
390.000000	1.2519
390.500000	1.2601
391.000000	1.3322
391.500000	1.349
392.000000	1.24
392.500000	1.0312
393.000000	0.745
393.500000	0.5912
394.000000	0.76675
394.500000	1.0557
395.000000	1.245
395.500000	1.3245
396.000000	1.1626
396.500000	0.8433
397.000000	0.652
397.500000	0.96142
398.000000	1.301
398.500000	1.5342
399.000000	1.6245
399.500000	1.6717
400.000000	1.6885
401.000000	1.752
402.000000	1.814
403.000000	1.74
404.000000	1.763
405.000000	1.715
406.000000	1.666
407.000000	1.63
408.000000	1.699
409.000000	1.809
410.000000	1.537
411.000000	1.715
412.000000	1.816
413.000000	1.7392
414.000000	1.7144
415.000000	1.7688
416.000000	1.815
417.000000	1.766
418.000000	1.685
419.000000	1.749
420.000000	1.599
421.000000	1.811
422.000000	1.782
423.000000	1.721
424.000000	1.708
425.000000	1.755
426.000000	1.699
427.000000	1.638
428.000000	1.651
429.000000	1.523
430.000000	1.212
431.000000	1.099
432.000000	1.822
433.000000	1.6913
434.000000	1.56
435.000000	1.709
436.000000	1.868
437.000000	1.9
438.000000	1.663
439.000000	1.601
440.000000	1.83
441.000000	1.799
442.000000	1.922
443.000000	1.949
444.000000	1.8941
445.000000	1.965
446.000000	1.7557
447.000000	1.99
448.000000	2.014
449.000000	2.001
450.000000	2.069
451.000000	2.142
452.000000	2.047
453.000000	1.8864
454.000000	2.018
455.000000	2.001
456.000000	2.063
457.000000	2.077
458.000000	2.032
459.000000	2.012
460.000000	1.9973
461.000000	2.0639
462.000000	2.078
463.000000	2.084
464.000000	2.015
465.000000	1.984
466.000000	2.021
467.000000	1.931
468.000000	2.012
469.000000	2.018
470.000000	1.939
471.000000	1.969
472.000000	2.07
473.000000	1.9882
474.000000	2.012
475.000000	2.08
476.000000	2.012
477.000000	2.025
478.000000	2.086
479.000000	2.04
480.000000	2.068
481.000000	2.061
482.000000	2.0623
483.000000	2.031
484.000000	1.989
485.000000	1.979
486.000000	1.601
487.000000	1.789
488.000000	1.935
489.000000	1.8224
490.000000	2.032
491.000000	1.949
492.000000	1.856
493.000000	1.983
494.000000	1.9339
495.000000	2.051
496.000000	1.949
497.000000	1.98
498.000000	1.924
499.000000	1.923
500.000000	1.916
501.000000	1.858
502.000000	1.86
503.000000	1.949
504.000000	1.833
505.000000	1.9472
506.000000	2.025
507.000000	1.9354
508.000000	1.88
509.000000	1.965
510.000000	1.91
511.000000	1.941
512.000000	1.989
513.000000	1.866
514.000000	1.824
515.000000	1.875
516.000000	1.891
517.000000	1.539
518.000000	1.759
519.000000	1.704
520.000000	1.86
521.000000	1.873
522.000000	1.915
523.000000	1.804
524.000000	1.941
525.000000	1.928
526.000000	1.874
527.000000	1.641
528.000000	1.88
529.000000	1.969
530.000000	1.892
531.000000	1.995
532.000000	1.958
533.000000	1.747
534.000000	1.869
535.000000	1.895
536.000000	1.974
537.000000	1.824
538.000000	1.913
539.000000	1.864
540.000000	1.8
541.000000	1.734
542.000000	1.888
543.000000	1.851
544.000000	1.919
545.000000	1.874
546.000000	1.8609
547.000000	1.882
548.000000	1.826
549.000000	1.88
550.000000	1.863
551.000000	1.859
552.000000	1.896
553.000000	1.842
554.000000	1.878
555.000000	1.889
556.000000	1.857
557.000000	1.812
558.000000	1.853
559.000000	1.755
560.000000	1.786
561.000000	1.89
562.000000	1.801
563.000000	1.871
564.000000	1.836
565.000000	1.849
566.000000	1.75
567.000000	1.868
568.000000	1.859
569.000000	1.831
570.000000	1.828
571.000000	1.762
572.000000	1.872
573.000000	1.881
574.000000	1.873
575.000000	1.834
576.000000	1.818
577.000000	1.862
578.000000	1.799
579.000000	1.816
580.000000	1.834
581.000000	1.833
582.000000	1.852
583.000000	1.863
584.000000	1.854
585.000000	1.836
586.000000	1.792
587.000000	1.838
588.000000	1.821
589.000000	1.624
590.000000	1.7218
591.000000	1.809
592.000000	1.788
593.000000	1.792
594.000000	1.789
595.000000	1.778
596.000000	1.796
597.000000	1.806
598.000000	1.772
599.000000	1.764
600.000000	1.77
601.000000	1.742
602.000000	1.715
603.000000	1.749
604.000000	1.779
605.000000	1.773
606.000000	1.758
607.000000	1.762
608.000000	1.751
609.000000	1.734
610.000000	1.724
611.000000	1.712
612.000000	1.736
613.000000	1.71
614.000000	1.655
615.000000	1.712
616.000000	1.664
617.000000	1.641
618.000000	1.702
619.000000	1.709
620.000000	1.711
621.000000	1.724
622.000000	1.6784
623.000000	1.682
624.000000	1.667
625.000000	1.644
626.000000	1.64
627.000000	1.693
628.000000	1.693
629.000000	1.687
630.000000	1.665
631.000000	1.659
632.000000	1.5901
633.000000	1.674
634.000000	1.637
635.000000	1.652
636.000000	1.6093
637.000000	1.661
638.000000	1.665
639.000000	1.653
640.000000	1.613
641.000000	1.61
642.000000	1.609
643.000000	1.625
644.000000	1.614
645.000000	1.627
646.000000	1.591
647.000000	1.606
648.000000	1.602
649.000000	1.551
650.000000	1.526
651.000000	1.613
652.000000	1.591
653.000000	1.598
654.000000	1.575
655.000000	1.523
656.000000	1.3233
657.000000	1.384
658.000000	1.539
659.000000	1.542
660.000000	1.558
661.000000	1.566
662.000000	1.571
663.000000	1.563
664.000000	1.554
665.000000	1.567
666.000000	1.555
667.000000	1.5354
668.000000	1.5348
669.000000	1.558
670.000000	1.534
671.000000	1.529
672.000000	1.506
673.000000	1.517
674.000000	1.513
675.000000	1.499
676.000000	1.515
677.000000	1.5
678.000000	1.507
679.000000	1.493
680.000000	1.494
681.000000	1.487
682.000000	1.493
683.000000	1.476
684.000000	1.466
685.000000	1.465
686.000000	1.433
687.000000	1.472
688.000000	1.476
689.000000	1.478
690.000000	1.479
691.000000	1.468
692.000000	1.454
693.000000	1.458
694.000000	1.457
695.000000	1.435
696.000000	1.442
697.000000	1.438
698.000000	1.417
699.000000	1.434
700.000000	1.422
701.000000	1.4131
702.000000	1.3987
703.000000	1.4095
704.000000	1.4187
705.000000	1.433
706.000000	1.4138
707.000000	1.404
708.000000	1.399
709.000000	1.39
710.000000	1.404
711.000000	1.397
712.000000	1.3818
713.000000	1.3702
714.000000	1.3819
715.000000	1.3502
716.000000	1.3694
717.000000	1.365
718.000000	1.357
719.000000	1.301
720.000000	1.3487
721.000000	1.348
722.000000	1.36
723.000000	1.351
724.000000	1.3607
725.000000	1.3465
726.000000	1.3429
727.000000	1.3444
728.000000	1.337
729.000000	1.2796
730.000000	1.3357
731.000000	1.3104
732.000000	1.3333
733.000000	1.3108
734.000000	1.339
735.000000	1.3271
736.000000	1.31
737.000000	1.312
738.000000	1.3
739.000000	1.2646
740.000000	1.283
741.000000	1.2707
742.000000	1.2649
743.000000	1.2892
744.000000	1.2955
745.000000	1.292
746.000000	1.2892
747.000000	1.289
748.000000	1.2808
749.000000	1.276
750.000000	1.274
751.000000	1.268
752.000000	1.272
753.000000	1.265
754.000000	1.2809
755.000000	1.2771
756.000000	1.261
757.000000	1.2598
758.000000	1.268
759.000000	1.25
760.000000	1.259
761.000000	1.2487
762.000000	1.246
763.000000	1.2543
764.000000	1.2566
765.000000	1.2452
766.000000	1.2
767.000000	1.212
768.000000	1.231
769.000000	1.2142
770.000000	1.2146
771.000000	1.2073
772.000000	1.212
773.000000	1.21
774.000000	1.209
775.000000	1.208
776.000000	1.2102
777.000000	1.2028
778.000000	1.2014
779.000000	1.2067
780.000000	1.193
781.000000	1.1898
782.000000	1.195
783.000000	1.1896
784.000000	1.181
785.000000	1.1874
786.000000	1.189
787.000000	1.1877
788.000000	1.18
789.000000	1.1812
790.000000	1.1704
791.000000	1.1632
792.000000	1.15
793.000000	1.1449
794.000000	1.126
795.000000	1.128
796.000000	1.1427
797.000000	1.158
798.000000	1.1501
799.000000	1.135
800.000000	1.1248
801.000000	1.1427
802.000000	1.1422
803.000000	1.1241
804.000000	1.1342
805.000000	1.1001
806.000000	1.1309
807.000000	1.123
808.000000	1.1162
809.000000	1.098
810.000000	1.11
811.000000	1.1143
812.000000	1.116
813.000000	1.118
814.000000	1.1174
815.000000	1.1091
816.000000	1.105
817.000000	1.1083
818.000000	1.0861
819.000000	1.0738
820.000000	1.074
821.000000	1.076
822.000000	1.056
823.000000	1.076
824.000000	1.0715
825.000000	1.0699
826.000000	1.0759
827.000000	1.0762
828.000000	1.0749
829.000000	1.062
830.000000	1.0563
831.000000	1.056
832.000000	1.055
833.000000	1.0327
834.000000	1.0459
835.000000	1.0476
836.000000	1.0597
837.000000	1.0511
838.000000	1.0549
839.000000	1.04
840.000000	1.05
841.000000	1.052
842.000000	1.0287
843.000000	1.0271
844.000000	1.014
845.000000	1.036
846.000000	1.037
847.000000	1.006
848.000000	1.011
849.000000	1.005
850.000000	0.91
851.000000	0.998
852.000000	0.99
853.000000	0.981
854.000000	0.869
855.000000	0.927
856.000000	0.99017
857.000000	1.0056
858.000000	1.007
859.000000	1.005
860.000000	1.0
861.000000	0.999
862.000000	1.006
863.000000	1.012
864.000000	0.99006
865.000000	0.97354
866.000000	0.858
867.000000	0.925
868.000000	0.969
869.000000	0.959
870.000000	0.977
871.000000	0.96317
872.000000	0.976
873.000000	0.96614
874.000000	0.94913
875.000000	0.93562
876.000000	0.962
877.000000	0.965
878.000000	0.962
879.000000	0.94571
880.000000	0.94856
881.000000	0.91963
882.000000	0.94408
883.000000	0.9393
884.000000	0.94352
885.000000	0.95469
886.000000	0.92558
887.000000	0.923
888.000000	0.94066
889.000000	0.94367
890.000000	0.94236
891.000000	0.93928
892.000000	0.93259
893.000000	0.918
894.000000	0.924
895.000000	0.926
896.000000	0.93425
897.000000	0.92686
898.000000	0.92378
899.000000	0.91396
900.000000	0.91378
901.000000	0.89834
902.000000	0.8772
903.000000	0.92233
904.000000	0.921
905.000000	0.918
906.000000	0.9078
907.000000	0.9145
908.000000	0.90143
909.000000	0.88552
910.000000	0.89496
911.000000	0.8973
912.000000	0.89016
913.000000	0.9002
914.000000	0.8982
915.000000	0.8883
916.000000	0.8947
917.000000	0.8886
918.000000	0.8881
919.000000	0.8921
920.000000	0.8854
921.000000	0.8703
922.000000	0.8628
923.000000	0.83335
924.000000	0.86957
925.000000	0.87642
926.000000	0.84561
927.000000	0.87809
928.000000	0.8711
929.000000	0.86954
930.000000	0.86866
931.000000	0.87078
932.000000	0.86514
933.000000	0.86958
934.000000	0.86709
935.000000	0.85601
936.000000	0.85222
937.000000	0.85368
938.000000	0.85936
939.000000	0.85676
940.000000	0.84
941.000000	0.83153
942.000000	0.80616
943.000000	0.83814
944.000000	0.81854
945.000000	0.82441
946.000000	0.83138
947.000000	0.82809
948.000000	0.83137
949.000000	0.83303
950.000000	0.82867
951.000000	0.82019
952.000000	0.82402
953.000000	0.8205
954.000000	0.812
955.000000	0.769
956.000000	0.802
957.000000	0.80583
958.000000	0.81147
959.000000	0.81483
960.000000	0.80627
961.000000	0.79982
962.000000	0.80173
963.000000	0.79761
964.000000	0.78808
965.000000	0.79579
966.000000	0.78598
967.000000	0.79503
968.000000	0.78526
969.000000	0.78789
970.000000	0.7914
971.000000	0.78186
972.000000	0.78785
973.000000	0.78149
974.000000	0.76882
975.000000	0.77348
976.000000	0.78054
977.000000	0.77208
978.000000	0.778
979.000000	0.7665
980.000000	0.77512
981.000000	0.773
982.000000	0.77879
983.000000	0.77541
984.000000	0.76881
985.000000	0.77081
986.000000	0.7662
987.000000	0.76606
988.000000	0.76368
989.000000	0.755
990.000000	0.75694
991.000000	0.76161
992.000000	0.75714
993.000000	0.75639
994.000000	0.75851
995.000000	0.75392
996.000000	0.75347
997.000000	0.743
998.000000	0.743
999.000000	0.742
1000.000000	0.74255
1001.000000	0.74741
1002.000000	0.74677
1003.000000	0.73836
1004.000000	0.73133
1005.000000	0.68365
1006.000000	0.7177
1007.000000	0.73093
1008.000000	0.73339
1009.000000	0.72934
1010.000000	0.73055
1011.000000	0.72562
1012.000000	0.72496
1013.000000	0.7196
1014.000000	0.72265
1015.000000	0.71062
1016.000000	0.71419
1017.000000	0.70659
1018.000000	0.71566
1019.000000	0.69606
1020.000000	0.70127
1021.000000	0.703
1022.000000	0.693
1023.000000	0.699
1024.000000	0.70057
1025.000000	0.69918
1026.000000	0.69943
1027.000000	0.69594
1028.000000	0.69722
1029.000000	0.69
1030.000000	0.69208
1031.000000	0.68985
1032.000000	0.6896
1033.000000	0.678
1034.000000	0.68181
1035.000000	0.684
1036.000000	0.68431
1037.000000	0.67731
1038.000000	0.674
1039.000000	0.679
1040.000000	0.6744
1041.000000	0.6749
1042.000000	0.67516
1043.000000	0.6686
1044.000000	0.67199
1045.000000	0.66846
1046.000000	0.65131
1047.000000	0.66155
1048.000000	0.66781
1049.000000	0.66491
1050.000000	0.66117
1051.000000	0.66182
1052.000000	0.65848
1053.000000	0.65698
1054.000000	0.65474
1055.000000	0.65753
1056.000000	0.65629
1057.000000	0.6554
1058.000000	0.64937
1059.000000	0.63046
1060.000000	0.64831
1061.000000	0.63387
1062.000000	0.64651
1063.000000	0.63669
1064.000000	0.64621
1065.000000	0.64533
1066.000000	0.63139
1067.000000	0.63517
1068.000000	0.63591
1069.000000	0.60084
1070.000000	0.62165
1071.000000	0.62821
1072.000000	0.63131
1073.000000	0.61796
1074.000000	0.63063
1075.000000	0.61768
1076.000000	0.62468
1077.000000	0.62426
1078.000000	0.62531
1079.000000	0.61203
1080.000000	0.6225
1081.000000	0.60726
1082.000000	0.60249
1083.000000	0.609
1084.000000	0.61392
1085.000000	0.61181
1086.000000	0.6157
1087.000000	0.59145
1088.000000	0.60728
1089.000000	0.60908
1090.000000	0.60442
1091.000000	0.60799
1092.000000	0.59692
1093.000000	0.59221
1094.000000	0.56065
1095.000000	0.58252
1096.000000	0.586
1097.000000	0.591
1098.000000	0.587
1099.000000	0.58216
1100.000000	0.6
1101.000000	0.599
1102.000000	0.58202
1103.000000	0.595
1104.000000	0.593
1105.000000	0.591
1106.000000	0.59
1107.000000	0.586
1108.000000	0.5865
1109.000000	0.5855
1110.000000	0.587
1111.000000	0.5825
1112.000000	0.58342
1113.000000	0.578
1114.000000	0.584
1115.000000	0.582
1116.000000	0.575
1117.000000	0.583
1118.000000	0.57222
1119.000000	0.57151
1120.000000	0.5685
1121.000000	0.572
1122.000000	0.575
1123.000000	0.574
1124.000000	0.5725
1125.000000	0.57012
1126.000000	0.553
1127.000000	0.56179
1128.000000	0.56829
1129.000000	0.56837
1130.000000	0.56401
1131.000000	0.568
1132.000000	0.57
1133.000000	0.56186
1134.000000	0.56346
1135.000000	0.5625
1136.000000	0.56481
1137.000000	0.55197
1138.000000	0.544
1139.000000	0.553
1140.000000	0.55573
1141.000000	0.54303
1142.000000	0.55531
1143.000000	0.5496
1144.000000	0.54501
1145.000000	0.55001
1146.000000	0.55407
1147.000000	0.55408
1148.000000	0.55032
1149.000000	0.54788
1150.000000	0.54623
1151.000000	0.54531
1152.000000	0.5417
1153.000000	0.54308
1154.000000	0.54651
1155.000000	0.54731
1156.000000	0.54022
1157.000000	0.5437
1158.000000	0.54334
1159.000000	0.53548
1160.000000	0.52928
1161.000000	0.51899
1162.000000	0.53336
1163.000000	0.53708
1164.000000	0.52684
1165.000000	0.53482
1166.000000	0.52227
1167.000000	0.52984
1168.000000	0.53415
1169.000000	0.5164
1170.000000	0.52875
1171.000000	0.53074
1172.000000	0.53063
1173.000000	0.52686
1174.000000	0.5276
1175.000000	0.51852
1176.000000	0.51036
1177.000000	0.52296
1178.000000	0.51703
1179.000000	0.51504
1180.000000	0.52199
1181.000000	0.51843
1182.000000	0.51743
1183.000000	0.48821
1184.000000	0.51098
1185.000000	0.51605
1186.000000	0.51519
1187.000000	0.51455
1188.000000	0.51012
1189.000000	0.48402
1190.000000	0.50583
1191.000000	0.51354
1192.000000	0.51175
1193.000000	0.51064
1194.000000	0.51127
1195.000000	0.50592
1196.000000	0.50561
1197.000000	0.50286
1198.000000	0.49217
1199.000000	0.47434
1200.000000	0.50005
1201.000000	0.50579
1202.000000	0.50705
1203.000000	0.48836
1204.000000	0.48696
1205.000000	0.50195
1206.000000	0.49869
1207.000000	0.50143
1208.000000	0.48962
1209.000000	0.46636
1210.000000	0.49225
1211.000000	0.47909
1212.000000	0.49064
1213.000000	0.4919
1214.000000	0.48932
1215.000000	0.49044
1216.000000	0.48878
1217.000000	0.48764
1218.000000	0.48599
1219.000000	0.48234
1220.000000	0.48433
1221.000000	0.48343
1222.000000	0.48133
1223.000000	0.476
1224.000000	0.48224
1225.000000	0.47925
1226.000000	0.48026
1227.000000	0.46841
1228.000000	0.47443
1229.000000	0.47725
1230.000000	0.47502
1231.000000	0.47425
1232.000000	0.46896
1233.000000	0.47118
1234.000000	0.46946
1235.000000	0.46644
1236.000000	0.46863
1237.000000	0.4679
1238.000000	0.46748
1239.000000	0.46235
1240.000000	0.45968
1241.000000	0.46439
1242.000000	0.46169
1243.000000	0.45655
1244.000000	0.45535
1245.000000	0.456
1246.000000	0.45875
1247.000000	0.45775
1248.000000	0.46076
1249.000000	0.46013
1250.000000	0.4586
1251.000000	0.45638
1252.000000	0.45195
1253.000000	0.45371
1254.000000	0.45358
1255.000000	0.45304
1256.000000	0.45192
1257.000000	0.4488
1258.000000	0.45116
1259.000000	0.44797
1260.000000	0.45018
1261.000000	0.44925
1262.000000	0.44252
1263.000000	0.44825
1264.000000	0.44198
1265.000000	0.44267
1266.000000	0.44615
1267.000000	0.43912
1268.000000	0.43594
1269.000000	0.44042
1270.000000	0.44212
1271.000000	0.4429
1272.000000	0.4413
1273.000000	0.44084
1274.000000	0.43807
1275.000000	0.44072
1276.000000	0.44192
1277.000000	0.44188
1278.000000	0.44074
1279.000000	0.43795
1280.000000	0.43543
1281.000000	0.42267
1282.000000	0.37589
1283.000000	0.41159
1284.000000	0.42667
1285.000000	0.42909
1286.000000	0.42878
1287.000000	0.43036
1288.000000	0.42684
1289.000000	0.42755
1290.000000	0.41851
1291.000000	0.42159
1292.000000	0.42278
1293.000000	0.42261
1294.000000	0.41615
1295.000000	0.41944
1296.000000	0.41979
1297.000000	0.41718
1298.000000	0.41263
1299.000000	0.41701
1300.000000	0.41537
1301.000000	0.41404
1302.000000	0.40955
1303.000000	0.40768
1304.000000	0.40632
1305.000000	0.41028
1306.000000	0.41039
1307.000000	0.40958
1308.000000	0.40873
1309.000000	0.40907
1310.000000	0.40714
1311.000000	0.40611
1312.000000	0.40315
1313.000000	0.39084
1314.000000	0.40271
1315.000000	0.39162
1316.000000	0.39421
1317.000000	0.40116
1318.000000	0.39547
1319.000000	0.40093
1320.000000	0.39875
1321.000000	0.39545
1322.000000	0.39538
1323.000000	0.39502
1324.000000	0.39516
1325.000000	0.39369
1326.000000	0.39229
1327.000000	0.38877
1328.000000	0.39062
1329.000000	0.3795
1330.000000	0.38548
1331.000000	0.38765
1332.000000	0.3785
1333.000000	0.38699
1334.000000	0.38684
1335.000000	0.38563
1336.000000	0.38231
1337.000000	0.38285
1338.000000	0.38094
1339.000000	0.3757
1340.000000	0.37439
1341.000000	0.38168
1342.000000	0.3802
1343.000000	0.37977
1344.000000	0.37986
1345.000000	0.37953
1346.000000	0.37554
1347.000000	0.3776
1348.000000	0.37664
1349.000000	0.3755
1350.000000	0.37081
1351.000000	0.37167
1352.000000	0.37533
1353.000000	0.37401
1354.000000	0.37294
1355.000000	0.36827
1356.000000	0.36876
1357.000000	0.36439
1358.000000	0.36997
1359.000000	0.36903
1360.000000	0.36464
1361.000000	0.37027
1362.000000	0.36936
1363.000000	0.36185
1364.000000	0.36683
1365.000000	0.36629
1366.000000	0.36592
1367.000000	0.36242
1368.000000	0.36557
1369.000000	0.35886
1370.000000	0.35912
1371.000000	0.35949
1372.000000	0.36313
1373.000000	0.36294
1374.000000	0.36291
1375.000000	0.35749
1376.000000	0.3535
1377.000000	0.3579
1378.000000	0.35652
1379.000000	0.36035
1380.000000	0.35682
1381.000000	0.35784
1382.000000	0.35274
1383.000000	0.35376
1384.000000	0.35594
1385.000000	0.35242
1386.000000	0.35493
1387.000000	0.35136
1388.000000	0.35277
1389.000000	0.35406
1390.000000	0.34736
1391.000000	0.35242
1392.000000	0.35179
1393.000000	0.35008
1394.000000	0.3476
1395.000000	0.34754
1396.000000	0.34943
1397.000000	0.34932
1398.000000	0.34952
1399.000000	0.34886
1400.000000	0.33896
1401.000000	0.33929
1402.000000	0.34411
1403.000000	0.34014
1404.000000	0.34106
1405.000000	0.34012
1406.000000	0.34164
1407.000000	0.34085
1408.000000	0.34007
1409.000000	0.34118
1410.000000	0.34046
1411.000000	0.33767
1412.000000	0.3292
1413.000000	0.3329
1414.000000	0.33704
1415.000000	0.33707
1416.000000	0.33503
1417.000000	0.33748
1418.000000	0.33773
1419.000000	0.33391
1420.000000	0.3327
1421.000000	0.33594
1422.000000	0.32875
1423.000000	0.32884
1424.000000	0.32772
1425.000000	0.33256
1426.000000	0.32306
1427.000000	0.32745
1428.000000	0.33036
1429.000000	0.32347
1430.000000	0.32277
1431.000000	0.32421
1432.000000	0.33114
1433.000000	0.33067
1434.000000	0.32509
1435.000000	0.32731
1436.000000	0.32662
1437.000000	0.32786
1438.000000	0.32601
1439.000000	0.32856
1440.000000	0.31269
1441.000000	0.31695
1442.000000	0.31584
1443.000000	0.3178
1444.000000	0.31911
1445.000000	0.31929
1446.000000	0.32135
1447.000000	0.3176
1448.000000	0.32096
1449.000000	0.32026
1450.000000	0.31774
1451.000000	0.31367
1452.000000	0.31355
1453.000000	0.31539
1454.000000	0.31282
1455.000000	0.3121
1456.000000	0.30956
1457.000000	0.31241
1458.000000	0.31612
1459.000000	0.31746
1460.000000	0.31367
1461.000000	0.31308
1462.000000	0.31018
1463.000000	0.30823
1464.000000	0.3082
1465.000000	0.31158
1466.000000	0.30696
1467.000000	0.31322
1468.000000	0.3075
1469.000000	0.31201
1470.000000	0.3101
1471.000000	0.30414
1472.000000	0.30581
1473.000000	0.30552
1474.000000	0.29705
1475.000000	0.30349
1476.000000	0.30369
1477.000000	0.3025
1478.000000	0.30228
1479.000000	0.30461
1480.000000	0.30626
1481.000000	0.30179
1482.000000	0.30462
1483.000000	0.29813
1484.000000	0.30172
1485.000000	0.30607
1486.000000	0.30168
1487.000000	0.29989
1488.000000	0.26525
1489.000000	0.2991
1490.000000	0.30093
1491.000000	0.30175
1492.000000	0.29773
1493.000000	0.302
1494.000000	0.3019
1495.000000	0.30074
1496.000000	0.2914
1497.000000	0.29684
1498.000000	0.29946
1499.000000	0.29528
1500.000000	0.30077
1501.000000	0.2999
1502.000000	0.29743
1503.000000	0.2692
1504.000000	0.28319
1505.000000	0.27149
1506.000000	0.28367
1507.000000	0.29376
1508.000000	0.29028
1509.000000	0.28805
1510.000000	0.29394
1511.000000	0.29446
1512.000000	0.28845
1513.000000	0.28729
1514.000000	0.285
1515.000000	0.28807
1516.000000	0.2872
1517.000000	0.28526
1518.000000	0.2897
1519.000000	0.28495
1520.000000	0.28786
1521.000000	0.28083
1522.000000	0.28031
1523.000000	0.28448
1524.000000	0.2846
1525.000000	0.27846
1526.000000	0.28596
1527.000000	0.28297
1528.000000	0.2849
1529.000000	0.2829
1530.000000	0.26731
1531.000000	0.28272
1532.000000	0.28263
1533.000000	0.28041
1534.000000	0.27543
1535.000000	0.27754
1536.000000	0.28058
1537.000000	0.28096
1538.000000	0.27338
1539.000000	0.27808
1540.000000	0.26857
1541.000000	0.27297
1542.000000	0.27536
1543.000000	0.27499
1544.000000	0.27716
1545.000000	0.27768
1546.000000	0.27722
1547.000000	0.27354
1548.000000	0.26698
1549.000000	0.27267
1550.000000	0.26961
1551.000000	0.27075
1552.000000	0.274
1553.000000	0.2709
1554.000000	0.26495
1555.000000	0.26712
1556.000000	0.26292
1557.000000	0.27013
1558.000000	0.26805
1559.000000	0.2678
1560.000000	0.26546
1561.000000	0.26968
1562.000000	0.26833
1563.000000	0.26688
1564.000000	0.26307
1565.000000	0.26682
1566.000000	0.26262
1567.000000	0.26352
1568.000000	0.26042
1569.000000	0.26275
1570.000000	0.26068
1571.000000	0.26668
1572.000000	0.26694
1573.000000	0.26344
1574.000000	0.26221
1575.000000	0.24738
1576.000000	0.26031
1577.000000	0.2369
1578.000000	0.25723
1579.000000	0.26167
1580.000000	0.26381
1581.000000	0.26483
1582.000000	0.25412
1583.000000	0.25771
1584.000000	0.25449
1585.000000	0.26198
1586.000000	0.25817
1587.000000	0.25492
1588.000000	0.25048
1589.000000	0.23152
1590.000000	0.24154
1591.000000	0.24132
1592.000000	0.25286
1593.000000	0.25751
1594.000000	0.25643
1595.000000	0.25765
1596.000000	0.24452
1597.000000	0.24854
1598.000000	0.25629
1599.000000	0.24977
1600.000000	0.25259
1601.000000	0.24494
1602.000000	0.24857
1603.000000	0.24901
1604.000000	0.25002
1605.000000	0.24703
1606.000000	0.24748
1607.000000	0.24544
1608.000000	0.24999
1609.000000	0.24858
1610.000000	0.23312
1611.000000	0.24078
1612.000000	0.24125
1613.000000	0.24581
1614.000000	0.2435
1615.000000	0.24434
1616.000000	0.23248
1617.000000	0.23644
1618.000000	0.24415
1619.000000	0.24224
1620.000000	0.23407
1621.000000	0.23386
1622.000000	0.23702
1623.000000	0.24166
1624.000000	0.2424
1625.000000	0.23746
1626.000000	0.23958
1627.000000	0.24037
1628.000000	0.24149
1629.000000	0.24111
1630.000000	0.23655
1631.000000	0.23932
1632.000000	0.23884
1633.000000	0.23585
1634.000000	0.23276
1635.000000	0.23735
1636.000000	0.23676
1637.000000	0.22747
1638.000000	0.22708
1639.000000	0.22205
1640.000000	0.22571
1641.000000	0.22393
1642.000000	0.22402
1643.000000	0.22879
1644.000000	0.22572
1645.000000	0.22512
1646.000000	0.22899
1647.000000	0.2291
1648.000000	0.22898
1649.000000	0.22354
1650.000000	0.2284
1651.000000	0.22369
1652.000000	0.22802
1653.000000	0.22533
1654.000000	0.22654
1655.000000	0.2239
1656.000000	0.22607
1657.000000	0.22564
1658.000000	0.22532
1659.000000	0.22221
1660.000000	0.22412
1661.000000	0.22543
1662.000000	0.22421
1663.000000	0.22265
1664.000000	0.22252
1665.000000	0.22137
1666.000000	0.21853
1667.000000	0.22016
1668.000000	0.21617
1669.000000	0.21809
1670.000000	0.22208
1671.000000	0.22096
1672.000000	0.2121
1673.000000	0.21606
1674.000000	0.21907
1675.000000	0.21621
1676.000000	0.21319
1677.000000	0.21548
1678.000000	0.21585
1679.000000	0.21295
1680.000000	0.20641
1681.000000	0.19848
1682.000000	0.20341
1683.000000	0.20893
1684.000000	0.21198
1685.000000	0.21306
1686.000000	0.21026
1687.000000	0.21123
1688.000000	0.21081
1689.000000	0.20805
1690.000000	0.20845
1691.000000	0.21203
1692.000000	0.21211
1693.000000	0.21122
1694.000000	0.21068
1695.000000	0.21055
1696.000000	0.20962
1697.000000	0.2085
1698.000000	0.20879
1699.000000	0.20804
1700.000000	0.20539
1702.000000	0.2052
1705.000000	0.20428
1710.000000	0.19894
1715.000000	0.20189
1720.000000	0.19799
1725.000000	0.19688
1730.000000	0.19309
1735.000000	0.182
1740.000000	0.19001
1745.000000	0.18624
1750.000000	0.18518
1755.000000	0.18509
1760.000000	0.18243
1765.000000	0.18143
1770.000000	0.17969
1775.000000	0.176
1780.000000	0.17553
1785.000000	0.17411
1790.000000	0.17371
1795.000000	0.17102
1800.000000	0.168
1805.000000	0.16884
1810.000000	0.16859
1815.000000	0.155
1820.000000	0.16
1825.000000	0.16257
1830.000000	0.15921
1835.000000	0.1576
1840.000000	0.15552
1845.000000	0.15288
1850.000000	0.15337
1855.000000	0.15126
1860.000000	0.14933
1865.000000	0.1471
1870.000000	0.14565
1875.000000	0.13231
1880.000000	0.14667
1885.000000	0.14573
1890.000000	0.14041
1895.000000	0.13842
1900.000000	0.14041
1905.000000	0.13904
1910.000000	0.13654
1915.000000	0.13611
1920.000000	0.13463
1925.000000	0.13447
1930.000000	0.13145
1935.000000	0.13243
1940.000000	0.1295
1945.000000	0.1195
1950.000000	0.12627
1955.000000	0.12833
1960.000000	0.1261
1965.000000	0.12291
1970.000000	0.12375
1975.000000	0.1215
1980.000000	0.11968
1985.000000	0.11902
1990.000000	0.11977
1995.000000	0.11684
2000.000000	0.11673
2005.000000	0.11501
2010.000000	0.11512
2015.000000	0.11399
2020.000000	0.11192
2025.000000	0.11176
2030.000000	0.10969
2035.000000	0.10915
2040.000000	0.1072
2045.000000	0.10756
2050.000000	0.10592
2055.000000	0.10471
2060.000000	0.1032
2065.000000	0.10182
2070.000000	0.10095
2075.000000	0.10095
2080.000000	0.09933
2085.000000	0.0983
2090.000000	0.09754
2095.000000	0.09599
2100.000000	0.09624
2105.000000	0.09575
2110.000000	0.09463
2115.000000	0.09385
2120.000000	0.09314
2125.000000	0.09218
2130.000000	0.09238
2135.000000	0.09112
2140.000000	0.09105
2145.000000	0.08994
2150.000000	0.08971
2155.000000	0.08888
2160.000000	0.08789
2165.000000	0.082
2170.000000	0.08537
2175.000000	0.08576
2180.000000	0.08464
2185.000000	0.08468
2190.000000	0.08314
2195.000000	0.08347
2200.000000	0.08279
2205.000000	0.0809
2210.000000	0.08081
2215.000000	0.08041
2220.000000	0.07999
2225.000000	0.07884
2230.000000	0.0784
2235.000000	0.07793
2240.000000	0.07651
2245.000000	0.07625
2250.000000	0.07537
2255.000000	0.07434
2260.000000	0.07409
2265.000000	0.07328
2270.000000	0.0731
2275.000000	0.07263
2280.000000	0.07139
2285.000000	0.07138
2290.000000	0.07119
2295.000000	0.0693
2300.000000	0.06964
2305.000000	0.0694
2310.000000	0.0689
2315.000000	0.06815
2320.000000	0.06763
2325.000000	0.06556
2330.000000	0.06622
2335.000000	0.06572
2340.000000	0.06522
2345.000000	0.0651
2350.000000	0.06434
2355.000000	0.0626
2360.000000	0.06307
2365.000000	0.06301
2370.000000	0.06239
2375.000000	0.06141
2380.000000	0.06181
2385.000000	0.05913
2390.000000	0.06036
2395.000000	0.06007
2400.000000	0.05974
2405.000000	0.05944
2410.000000	0.05915
2415.000000	0.05698
2420.000000	0.05782
2425.000000	0.05733
2430.000000	0.05719
2435.000000	0.05647
2440.000000	0.05627
2445.000000	0.05556
2450.000000	0.05459
2455.000000	0.05416
2460.000000	0.05451
2465.000000	0.0543
2470.000000	0.0534
2475.000000	0.05337
2480.000000	0.0521
2485.000000	0.05177
2490.000000	0.05222
2495.000000	0.04889
2500.000000	0.05138
2505.000000	0.05082
2510.000000	0.0496
2515.000000	0.04876
2520.000000	0.04814
2525.000000	0.04765
2530.000000	0.0477
2535.000000	0.04712
2540.000000	0.04677
2545.000000	0.04661
2550.000000	0.04626
2555.000000	0.04593
2560.000000	0.0454
2565.000000	0.04516
2570.000000	0.04485
2575.000000	0.04448
2580.000000	0.0441
2585.000000	0.04327
2590.000000	0.04341
2595.000000	0.04304
2600.000000	0.04291
2605.000000	0.0428
2610.000000	0.0425
2615.000000	0.04228
2620.000000	0.0419
2625.000000	0.04058
2630.000000	0.04116
2635.000000	0.04096
2640.000000	0.04022
2645.000000	0.04018
2650.000000	0.03996
2655.000000	0.03959
2660.000000	0.03948
2665.000000	0.03895
2670.000000	0.0391
2675.000000	0.03861
2680.000000	0.03843
2685.000000	0.03816
2690.000000	0.03779
2695.000000	0.03746
2700.000000	0.03712
2705.000000	0.03693
2710.000000	0.03668
2715.000000	0.03656
2720.000000	0.03638
2725.000000	0.03613
2730.000000	0.03601
2735.000000	0.03574
2740.000000	0.03553
2745.000000	0.03538
2750.000000	0.03518
2755.000000	0.03486
2760.000000	0.03455
2765.000000	0.0344
2770.000000	0.03426
2775.000000	0.03393
2780.000000	0.03364
2785.000000	0.03342
2790.000000	0.0332
2795.000000	0.03293
2800.000000	0.03276
2805.000000	0.03253
2810.000000	0.03242
2815.000000	0.03226
2820.000000	0.03206
2825.000000	0.03184
2830.000000	0.0317
2835.000000	0.03145
2840.000000	0.03118
2845.000000	0.03095
2850.000000	0.03068
2855.000000	0.03043
2860.000000	0.03016
2865.000000	0.02996
2870.000000	0.0296
2875.000000	0.0294
2880.000000	0.0294
2885.000000	0.02922
2890.000000	0.02907
2895.000000	0.02896
2900.000000	0.02881
2905.000000	0.02867
2910.000000	0.0285
2915.000000	0.02822
2920.000000	0.02804
2925.000000	0.02778
2930.000000	0.02757
2935.000000	0.02733
2940.000000	0.02714
2945.000000	0.02684
2950.000000	0.02668
2955.000000	0.02656
2960.000000	0.02638
2965.000000	0.02626
2970.000000	0.02612
2975.000000	0.02601
2980.000000	0.0258
2985.000000	0.02569
2990.000000	0.02554
2995.000000	0.0254
3000.000000	0.02525
3005.000000	0.02512
3010.000000	0.02498
3015.000000	0.02486
3020.000000	0.02466
3025.000000	0.02454
3030.000000	0.02442
3035.000000	0.02421
3040.000000	0.02393
3045.000000	0.02402
3050.000000	0.02395
3055.000000	0.02386
3060.000000	0.02376
3065.000000	0.02354
3070.000000	0.02344
3075.000000	0.02335
3080.000000	0.02315
3085.000000	0.02295
3090.000000	0.0228
3095.000000	0.02263
3100.000000	0.02243
3105.000000	0.02228
3110.000000	0.02211
3115.000000	0.02177
3120.000000	0.02174
3125.000000	0.02158
3130.000000	0.02145
3135.000000	0.02136
3140.000000	0.02118
3145.000000	0.02107
3150.000000	0.02088
3155.000000	0.02083
3160.000000	0.02073
3165.000000	0.02066
3170.000000	0.02052
3175.000000	0.02047
3180.000000	0.02032
3185.000000	0.02024
3190.000000	0.02019
3195.000000	0.02008
3200.000000	0.01994
3205.000000	0.01986
3210.000000	0.01976
3215.000000	0.01962
3220.000000	0.01954
3225.000000	0.01942
3230.000000	0.01938
3235.000000	0.01926
3240.000000	0.01921
3245.000000	0.0191
3250.000000	0.01909
3255.000000	0.0189
3260.000000	0.0188
3265.000000	0.0187
3270.000000	0.0186
3275.000000	0.01848
3280.000000	0.01837
3285.000000	0.01832
3290.000000	0.01826
3295.000000	0.01803
3300.000000	0.01792
3305.000000	0.01786
3310.000000	0.0177
3315.000000	0.0176
3320.000000	0.0173
3325.000000	0.01728
3330.000000	0.01713
3335.000000	0.01703
3340.000000	0.01685
3345.000000	0.01678
3350.000000	0.0166
3355.000000	0.0165
3360.000000	0.01636
3365.000000	0.01629
3370.000000	0.01618
3375.000000	0.01611
3380.000000	0.01601
3385.000000	0.01598
3390.000000	0.0159
3395.000000	0.0158
3400.000000	0.01564
3405.000000	0.01565
3410.000000	0.01554
3415.000000	0.01547
3420.000000	0.01543
3425.000000	0.01532
3430.000000	0.01522
3435.000000	0.01515
3440.000000	0.01505
3445.000000	0.01502
3450.000000	0.01492
3455.000000	0.01488
3460.000000	0.0148
3465.000000	0.01476
3470.000000	0.01466
3475.000000	0.01456
3480.000000	0.01448
3485.000000	0.01445
3490.000000	0.01436
3495.000000	0.01432
3500.000000	0.01423
3505.000000	0.01415
3510.000000	0.01405
3515.000000	0.01402
3520.000000	0.01393
3525.000000	0.01389
3530.000000	0.0138
3535.000000	0.01376
3540.000000	0.01367
3545.000000	0.01366
3550.000000	0.01357
3555.000000	0.01345
3560.000000	0.01336
3565.000000	0.01336
3570.000000	0.01325
3575.000000	0.01318
3580.000000	0.01308
3585.000000	0.01305
3590.000000	0.01298
3595.000000	0.01294
3600.000000	0.01285
3605.000000	0.01283
3610.000000	0.01274
3615.000000	0.01272
3620.000000	0.01264
3625.000000	0.01261
3630.000000	0.01251
3635.000000	0.01249
3640.000000	0.0124
3645.000000	0.01236
3650.000000	0.01228
3655.000000	0.01222
3660.000000	0.01215
3665.000000	0.01215
3670.000000	0.01204
3675.000000	0.01203
3680.000000	0.01189
3685.000000	0.01183
3690.000000	0.01177
3695.000000	0.01172
3700.000000	0.01155
3705.000000	0.0116
3710.000000	0.01151
3715.000000	0.0115
3720.000000	0.01144
3725.000000	0.01143
3730.000000	0.01134
3735.000000	0.01128
3740.000000	0.01108
3745.000000	0.01108
3750.000000	0.01104
3755.000000	0.011
3760.000000	0.01094
3765.000000	0.01093
3770.000000	0.01086
3775.000000	0.0108
3780.000000	0.01074
3785.000000	0.01073
3790.000000	0.01063
3795.000000	0.01062
3800.000000	0.01053
3805.000000	0.01053
3810.000000	0.01043
3815.000000	0.01041
3820.000000	0.01034
3825.000000	0.01033
3830.000000	0.01025
3835.000000	0.01021
3840.000000	0.01015
3845.000000	0.01013
3850.000000	0.01005
3855.000000	0.01003
3860.000000	0.00994
3865.000000	0.00991
3870.000000	0.00983
3875.000000	0.00983
3880.000000	0.00975
3885.000000	0.0097
3890.000000	0.00971
3895.000000	0.00962
3900.000000	0.0096
3905.000000	0.00959
3910.000000	0.00952
3915.000000	0.0095
3920.000000	0.00941
3925.000000	0.0094
3930.000000	0.00932
3935.000000	0.0093
3940.000000	0.00923
3945.000000	0.0092
3950.000000	0.00911
3955.000000	0.00908
3960.000000	0.00902
3965.000000	0.00901
3970.000000	0.00893
3975.000000	0.00891
3980.000000	0.00884
3985.000000	0.0088
3990.000000	0.00878
3995.000000	0.0087
4000.000000	0.00868
